       170
       120
       140
       270
        41
       261
        22
        82
        72
       182
       162
       222
        63
        53
       173
       223
        54
       224
       274
       254
         5
        65
       145
       125
       135
       265
        36
        56
       116
       176
       146
       156
       196
       136
       236
       286
        27
        68
       188
       158
       118
       238
        49
        59
        19
        69
       129
       129
       219
       279
